<?xml version="1.0"?>
<opencv_storage>
<camera_matrix type_id="opencv-matrix">
  <rows>3</rows>
  <cols>3</cols>
  <dt>d</dt>
  <data>
    4.8486160644778340e+02 0. 3.3169114575905570e+02 0.
    4.8635288534732729e+02 2.2144839848771778e+02 0. 0. 1.</data></camera_matrix>
<distortion_coefficients type_id="opencv-matrix">
  <rows>1</rows>
  <cols>5</cols>
  <dt>d</dt>
  <data>
    -3.2183815047408965e-01 4.7706671994951128e-02
    1.2265384828817213e-03 -6.3899566904805486e-04
    8.5938317643597287e-02</data></distortion_coefficients>
<rotation_vectors type_id="opencv-matrix">
  <rows>3</rows>
  <cols>1</cols>
  <dt>d</dt>
  <data>
    -6.5046147183891873e-02 1.8818404172207290e+00
    2.5032213514779755e+00</data></rotation_vectors>
<translation_vectors type_id="opencv-matrix">
  <rows>3</rows>
  <cols>1</cols>
  <dt>d</dt>
  <data>
    1.2812118943834520e+02 1.2051996671778477e+03 3.0959178693811764e+03</data></translation_vectors>
</opencv_storage>
