<?xml version="1.0"?>
<opencv_storage>
<camera_matrix type_id="opencv-matrix">
  <rows>3</rows>
  <cols>3</cols>
  <dt>d</dt>
  <data>
    4.8452081847128841e+02 0. 3.1539239273300370e+02 0.
    4.8261964345682571e+02 2.2889477142354173e+02 0. 0. 1.</data></camera_matrix>
<distortion_coefficients type_id="opencv-matrix">
  <rows>1</rows>
  <cols>5</cols>
  <dt>d</dt>
  <data>
    -3.6574807964378026e-01 1.8783658453889562e-01
    2.6487052973023766e-03 1.5221604021461986e-03
    -6.6094579556508590e-02</data></distortion_coefficients>
<rotation_vectors type_id="opencv-matrix">
  <rows>3</rows>
  <cols>1</cols>
  <dt>d</dt>
  <data>
    -9.1779733133698904e-01 1.0223401255660742e+00
    1.4014041292260879e+00</data></rotation_vectors>
<translation_vectors type_id="opencv-matrix">
  <rows>3</rows>
  <cols>1</cols>
  <dt>d</dt>
  <data>
    1.1536877273945552e+03 8.7392636868166778e+02 3.5571643984676230e+03</data></translation_vectors>
</opencv_storage>
