<?xml version="1.0"?>
<opencv_storage>
<camera_matrix type_id="opencv-matrix">
  <rows>3</rows>
  <cols>3</cols>
  <dt>d</dt>
  <data>
    4.9228392884038914e+02 0. 3.4109828205723210e+02 0.
    4.9468543395655621e+02 2.2508391042813213e+02 0. 0. 1.</data></camera_matrix>
<distortion_coefficients type_id="opencv-matrix">
  <rows>1</rows>
  <cols>5</cols>
  <dt>d</dt>
  <data>
    -3.9005683992857343e-01 2.5263599606710829e-01
    8.2682665250662644e-04 -1.7195940830825420e-03
    -1.0728103338154787e-01</data></distortion_coefficients>
<rotation_vectors type_id="opencv-matrix">
  <rows>3</rows>
  <cols>1</cols>
  <dt>d</dt>
  <data>
    -6.0085854035691466e-01 -1.4041147510415199e+00
    -1.9513841122587734e+00</data></rotation_vectors>
<translation_vectors type_id="opencv-matrix">
  <rows>3</rows>
  <cols>1</cols>
  <dt>d</dt>
  <data>
    -1.0228789150779708e+02 1.0212428603385334e+03
    3.3625804836597290e+03</data></translation_vectors>
</opencv_storage>
