<?xml version="1.0"?>
<opencv_storage>
<camera_matrix type_id="opencv-matrix">
  <rows>3</rows>
  <cols>3</cols>
  <dt>d</dt>
  <data>
    4.8679378730803757e+02 0. 3.4157350558993022e+02 0.
    4.8986418276031139e+02 2.3993430544500791e+02 0. 0. 1.</data></camera_matrix>
<distortion_coefficients type_id="opencv-matrix">
  <rows>1</rows>
  <cols>5</cols>
  <dt>d</dt>
  <data>
    -3.7637833520647768e-01 2.1504515659557116e-01
    -4.6899280080597188e-04 -1.2720784513344447e-03
    -7.9917008000460796e-02</data></distortion_coefficients>
<rotation_vectors type_id="opencv-matrix">
  <rows>3</rows>
  <cols>1</cols>
  <dt>d</dt>
  <data>
    8.4982665835245907e-01 1.8082497381067946e+00
    -1.6050869058551980e+00</data></rotation_vectors>
<translation_vectors type_id="opencv-matrix">
  <rows>3</rows>
  <cols>1</cols>
  <dt>d</dt>
  <data>
    -4.4695048864111163e+02 8.9200691029856830e+02
    4.7709244250663405e+03</data></translation_vectors>
</opencv_storage>
